Sample_id	piglet	Lacae	Aacae	PAcae	IBUcae	Bacae	IVAcae	VAcae	pHcae	NH4cae	DMcae	LAile	AAile	PAile	IBUile	BAile	IVAile	VAile	pHile	NH4ile	Dmile	LAcol	AAcol	PAcol	IBUcol	BAcol	IVAcol	VAcol	pHcol	NH4col	Dmcol
1	62019	0.0	49.1	15.1	3.3	11.1	2.9	2.2	6.10	94.4	0.12	6.7	0.0	0.0	1.3	0.0	0.0	0.0	6.55	51	0.109	2.1	21.0	4.8	4.2	7.3	1.3	0.0	6.70	7	0.200
2	62342	0.0	84.8	31.1	3.0	12.6	2.6	2.1	6.62	107.0	0.14	7.0	0.9	0.0	2.2	0.0	0.0	0.0	6.45	50	0.116	8.6	32.2	7.7	4.1	15.3	1.8	1.1	6.61	15	0.218
3	62309	0.0	72.3	25.2	2.4	13.5	2.0	2.9	6.39	117.0	0.17	9.4	2.1	0.0	1.6	0.0	0.0	0.0	6.05	53	0.208	12.1	32.0	7.1	3.2	12.1	1.4	0.0	6.15	11	0.238
4	62453	0.0	67.6	24.2	3.8	16.5	3.8	3.4	6.45	140.2	0.15	7.7	4.3	0.0	2.5	0.0	0.0	0.0	6.30	75	0.146	0.0	28.9	8.9	3.9	15.5	2.1	1.2	6.14	15	0.201
5	62264	0.0	43.1	16.5	1.9	11.6	1.8	2.4	6.30	108.4	0.16	6.9	4.3	0.0	3.3	0.0	0.0	0.0	6.55	80	0.121	0.0	21.3	5.5	2.5	10.0	1.2	0.5	6.21	9	0.192
6	62036	0.0	41.6	14.0	2.0	8.9	1.8	1.7	6.30	84.8	0.13	0.2	0.6	0.0	3.9	0.0	0.0	0.0	6.39	48	0.102	0.0	8.7	2.4	1.5	5.6	0.0	0.0	6.33	4	0.092
7	62248	0.0	71.8	24.9	2.1	7.4	1.3	1.9	6.28	61.9	0.10	4.9	0.9	0.0	2.2	0.0	0.0	0.0	5.90	85	0.177	10.9	70.1	13.1	4.6	18.4	0.9	1.0	6.40	18	0.156
8	62083	0.0	94.0	29.7	3.7	16.6	2.7	2.9	5.95	121.7	0.14	3.9	1.1	0.0	2.5	0.0	0.0	0.0	6.55	48	0.130	15.5	43.0	10.4	4.1	15.0	1.4	1.0	6.06	14	0.226
9	62014	13.0	79.1	24.8	3.3	12.0	2.1	1.8	6.06	108.8	0.11	5.0	0.9	0.0	2.9	0.0	0.0	0.0	6.65	75	0.154	6.4	30.3	9.5	3.5	12.0	1.5	0.0	6.09	12	0.262
10	62395	0.0	88.5	27.0	2.0	11.2	1.3	2.1	5.92	69.8	0.13	3.8	0.8	0.0	1.9	0.0	0.0	0.0	7.08	52	0.123	0.0	69.9	16.5	2.9	14.4	0.9	1.3	6.10	15	0.161
11	62147	0.0	74.9	29.4	3.6	13.8	2.7	3.8	6.08	91.9	0.13	4.5	0.5	0.0	2.7	0.0	0.0	0.0	5.78	53	0.119	4.5	16.8	4.2	2.7	7.2	0.9	0.4	6.02	7	0.208
12	62009	0.0	87.5	28.6	3.2	10.1	2.3	2.9	6.18	74.1	0.11	5.0	9.0	0.0	1.9	0.0	0.0	0.0	6.63	93	0.187	4.2	73.8	20.5	5.7	15.8	2.1	2.0	6.11	18	0.143
13	62256	0.0	22.7	11.2	1.4	6.3	1.5	0.0	6.35	54.8	0.08	0.0	3.7	0.0	2.5	0.0	0.0	0.0	5.81	70	0.133	0.0	33.1	20.6	3.5	15.5	2.9	3.4	6.17	19	0.113
14	62031	0.0	62.6	15.2	2.9	10.1	2.7	2.2	6.35	88.0	0.13	3.0	1.0	0.0	2.6	0.0	0.0	0.0	5.94	81	0.147	0.4	5.3	2.1	1.0	3.3	0.3	0.0	6.26	3	0.126
15	62279	4.6	64.3	21.9	1.4	7.8	1.5	2.1	6.00	56.6	0.13	14.2	3.4	0.3	3.2	0.0	0.0	0.0	6.48	55	0.181	4.2	62.3	13.3	0.3	15.2	1.5	1.2	6.19	16	0.160
16	62076	4.2	41.8	15.7	1.3	5.1	0.7	0.0	6.36	46.1	0.06	10.1	6.1	0.0	4.5	0.0	0.0	0.0	5.84	107	0.222	0.0	49.2	16.5	2.2	11.8	0.9	2.5	6.17	14	0.101
17	62121	0.6	90.2	25.2	1.7	9.3	1.4	2.5	5.91	62.6	0.12	6.1	8.1	0.0	2.6	0.0	0.0	0.2	6.35	91	0.170	5.9	33.1	6.7	2.0	9.9	1.1	0.6	6.31	9	0.158
18	62332	13.1	62.7	17.5	1.9	7.0	0.0	0.0	5.87	59.0	0.10	5.3	4.7	0.0	3.2	0.0	0.0	0.0	6.05	88	0.172	0.6	66.3	15.6	0.4	17.5	1.3	3.3	5.72	19	0.141
19	62250	11.8	75.0	22.4	1.3	6.5	0.6	1.0	6.00	45.1	0.10	19.3	1.1	0.3	3.5	0.0	0.0	0.0	5.50	102	0.213	9.3	73.5	17.0	0.3	16.4	1.4	1.2	5.93	16	0.142
20	62234	0.0	82.2	26.6	1.2	6.7	0.0	1.4	5.92	36.9	0.12	4.8	0.8	0.0	3.0	0.0	0.0	0.0	6.45	68	0.175	1.5	72.2	19.0	2.5	15.5	0.2	1.2	6.06	14	0.165
21	62325	0.0	72.6	21.2	3.1	10.2	2.5	2.5	6.24	97.3	0.11	5.4	3.8	0.0	2.5	0.0	0.0	0.0	6.57	107	0.167	5.8	21.2	5.0	1.8	10.2	0.9	0.8	6.16	9	0.147
22	62374	0.0	51.7	22.1	1.4	7.5	1.1	1.7	6.00	70.8	0.14	11.2	4.6	0.0	3.2	0.9	0.0	0.0	6.61	83	0.130	8.8	40.5	14.8	2.0	12.1	1.3	1.2	5.82	12	0.183
23	62148	4.1	71.3	20.2	1.6	7.3	0.8	1.3	5.80	54.4	0.14	15.4	7.6	0.3	4.2	1.2	0.0	0.0	6.42	54	0.135	6.9	67.6	15.5	0.3	14.0	0.3	1.0	5.99	13	0.123
24	62414	0.0	81.1	25.4	4.0	16.7	3.5	3.8	6.10	122.3	0.12	6.2	8.4	0.4	3.8	1.9	0.0	0.0	6.58	101	0.179	0.9	17.2	3.2	1.5	3.9	0.9	0.0	6.66	4	0.207
25	62156	0.0	48.0	15.5	3.0	11.9	2.9	2.4	6.47	111.2	0.15	4.6	9.5	0.7	6.0	2.2	0.0	0.0	6.27	83	0.128	2.0	35.4	5.5	2.4	13.6	1.3	1.0	6.63	14	0.142
26	62132	0.0	53.3	19.2	2.4	12.1	2.4	2.1	6.23	91.9	0.17	3.3	5.4	0.0	2.4	1.1	0.0	0.0	6.85	55	0.148	1.5	13.4	2.2	0.7	7.5	0.0	0.0	6.42	6	0.166
27	62137	0.7	86.5	25.4	1.9	7.8	1.3	2.5	6.42	89.8	0.14	3.8	1.2	0.0	2.4	0.6	0.0	0.0	5.61	108	0.199	6.3	72.0	16.3	1.1	22.2	7.8	0.0	5.98	24	0.177
28	62441	1.0	83.3	28.0	1.6	8.6	1.0	1.3	5.96	48.3	0.10	5.4	0.6	0.0	4.1	0.4	0.0	0.0	5.47	93	0.195	10.5	72.2	17.9	4.5	19.9	1.3	1.6	5.90	19	0.155
29	62258	0.0	88.9	25.0	0.0	15.8	2.5	2.1	5.92	108.1	0.11	5.0	12.0	0.6	3.4	1.6	0.0	0.0	5.58	94	0.174	2.8	45.7	9.9	4.8	15.3	1.1	0.9	6.09	14	0.113
30	62167	7.8	75.9	27.1	2.6	9.0	1.8	2.3	6.10	85.6	0.12	10.0	9.1	0.0	5.7	1.9	0.0	0.0	6.20	136	0.279	3.2	65.1	22.5	5.9	19.2	1.6	2.3	6.00	19	0.157
31	62246	3.4	85.6	22.7	1.5	8.1	0.6	0.9	5.91	48.3	0.12	9.3	8.9	0.0	3.7	1.1	0.0	0.0	7.01	63	0.148	7.6	97.3	18.0	0.5	19.6	0.2	1.4	5.95	18	0.146
32	62080	2.1	62.7	18.8	0.0	10.7	1.6	1.5	6.55	75.8	0.07	0.0	0.0	0.0	3.0	0.8	0.0	0.0	5.80	53	0.104	0.0	54.5	17.5	4.5	17.5	1.8	3.0	6.28	19	0.080
33	62331	2.3	82.4	27.3	4.6	13.6	2.7	3.3	5.95	104.1	0.11	0.0	0.7	0.0	2.2	3.3	0.0	0.0	4.99	72	0.214	11.3	52.6	11.2	0.4	20.1	0.2	1.1	6.31	18	0.170
34	62366	2.0	75.3	25.0	2.7	14.8	2.5	2.6	5.98	103.4	0.15	4.5	4.2	0.2	5.3	1.5	0.0	0.0	6.55	96	0.155	17.1	55.5	17.0	0.6	18.8	0.2	2.0	6.06	17	0.151
35	62320	0.0	68.9	18.9	2.5	11.2	1.8	2.2	6.20	89.1	0.14	0.0	0.0	0.0	16.7	2.5	0.0	0.0	6.23	127	0.096	7.1	52.7	12.1	2.8	18.4	0.2	1.1	6.12	17	0.201
36	62418	0.0	66.6	20.4	4.2	16.3	2.6	2.1	6.11	117.0	0.13	11.3	3.3	0.4	5.7	2.5	0.0	0.0	5.82	122	0.247	21.4	40.7	14.0	5.6	18.7	0.3	0.6	6.19	16	0.146
37	62266	0.0	45.4	16.8	1.9	9.6	1.6	1.2	6.24	80.1	0.10	5.0	1.8	1.4	11.2	0.0	0.0	0.0	5.79	105	0.248	0.0	24.1	8.0	3.3	14.3	0.2	0.4	6.21	12	0.186
38	62172	0.0	76.0	27.7	3.6	12.4	2.9	2.8	5.92	97.7	0.13	8.5	4.0	0.0	4.2	1.0	0.0	0.0	6.19	54	0.187	12.8	43.5	12.7	7.3	15.3	0.2	0.9	6.20	14	0.229
39	62244	29.2	88.7	28.6	3.1	12.5	1.3	1.4	5.65	72.3	0.16	2.8	1.5	0.0	7.2	0.7	0.0	0.0	5.82	102	0.212	27.9	73.1	23.5	1.1	20.7	0.2	1.3	6.09	17	0.200
40	62233	3.7	92.4	23.5	3.9	11.1	1.9	2.1	6.05	81.6	0.09	6.7	2.4	0.3	8.1	1.6	0.0	0.0	6.17	98	0.197	3.6	37.4	9.9	3.9	16.5	0.0	1.0	6.00	15	0.161
41	62206	0.0	70.8	24.1	3.1	12.8	2.3	0.8	6.09	90.5	0.10	6.8	5.4	0.0	6.0	2.0	0.0	0.0	6.45	69	0.125	0.0	43.3	13.4	3.8	18.0	0.2	1.0	5.96	17	0.169
42	62045	0.0	46.2	29.0	2.7	11.6	1.9	3.6	6.22	59.4	0.11	11.5	0.5	0.0	2.6	1.0	0.0	0.0	6.22	29	0.072	0.0	39.0	25.4	3.8	14.4	0.0	3.6	6.45	15	0.210
43	62226	4.4	79.8	28.5	4.2	18.0	2.5	3.5	5.84	114.1	0.16	7.2	3.7	0.0	6.2	1.9	0.0	0.0	5.84	98	0.214	34.8	68.6	18.1	6.1	21.4	0.3	1.8	6.09	20	0.197
44	62005	0.8	99.4	35.7	3.6	11.7	0.7	3.1	5.87	88.0	0.14	16.6	6.9	0.3	4.2	2.1	0.0	0.0	6.14	108	0.195	4.9	49.9	11.6	3.5	13.6	1.5	1.3	6.14	14	0.177
45	62016	0.0	89.8	40.1	0.0	21.5	0.0	6.4	5.82	118.4	0.16	5.4	8.2	0.0	3.4	1.7	0.0	0.0	6.75	84	0.172	0.0	25.0	6.5	5.0	9.4	1.8	0.7	6.27	10	0.274
46	62340	4.1	94.7	30.3	3.3	15.2	18.7	11.7	5.82	108.1	0.16	4.2	2.8	0.0	6.8	1.3	0.0	0.0	6.35	63	0.153	6.2	38.5	10.9	5.6	15.0	2.1	1.2	6.38	15	0.212
47	62066	0.0	80.7	20.4	5.8	18.1	4.1	3.6	6.25	111.6	0.13	0.0	2.3	0.0	12.7	1.6	0.0	0.0	6.11	101	0.219	1.9	42.0	8.2	6.8	15.4	1.4	0.8	6.55	15	0.133
48	62412	0.0	79.8	34.0	4.0	14.9	3.1	1.6	5.95	116.6	0.12	27.7	6.0	0.6	4.5	2.6	0.0	0.0	6.50	120	0.216	5.6	38.5	9.2	4.6	18.5	1.5	1.2	6.26	18	0.171
49	62212	0.0	81.2	27.3	2.3	13.1	1.8	2.3	5.97	79.4	0.11	4.1	4.9	0.6	6.3	1.1	0.0	0.0	6.73	69	0.122	0.3	22.5	5.2	2.8	13.7	1.2	0.6	5.97	14	0.142
50	62054	0.0	61.7	37.8	4.1	19.6	3.2	7.3	5.98	91.9	0.15	11.4	0.9	0.0	2.2	1.1	0.0	0.0	6.36	21	0.052	0.0	27.1	19.1	3.4	11.7	2.3	4.1	6.25	15	0.349
51	62224	0.0	82.4	25.0	0.0	16.6	2.2	3.1	5.98	88.3	0.10	8.0	0.7	0.0	2.7	1.2	0.0	0.0	5.92	53	0.106	1.1	41.0	9.5	4.1	14.3	1.2	1.5	6.23	15	0.172
52	62006	0.0	80.7	25.6	1.5	7.0	0.6	1.5	5.81	39.0	0.10	4.4	3.1	0.0	2.1	0.8	0.0	0.0	6.55	55	0.157	1.8	69.5	15.4	2.5	15.4	0.7	1.4	5.98	15	0.145
53	62329	0.0	80.5	20.3	3.5	13.9	2.8	4.0	6.04	112.3	0.13	4.1	0.6	0.0	5.7	1.2	0.0	0.0	6.05	90	0.166	19.6	42.1	7.3	8.0	20.2	1.3	0.9	6.08	18	0.146
54	62396	2.2	62.3	20.3	1.4	6.8	0.0	1.0	6.10	57.6	0.11	3.0	1.9	0.0	2.3	0.4	0.0	0.0	6.92	16	0.052	3.7	34.5	7.2	4.2	14.0	0.9	0.5	5.92	13	0.209
55	62219	1.8	72.3	22.7	2.1	12.5	1.5	2.4	5.64	77.7	0.17	4.3	0.6	0.3	2.4	0.7	0.0	0.0	5.65	47	0.124	31.2	69.4	13.0	1.7	21.6	1.2	1.0	5.64	19	0.207
56	62235	0.0	78.6	21.0	2.9	11.4	1.9	1.8	5.75	81.9	0.11	7.3	4.9	0.0	7.0	1.8	0.0	0.0	6.57	109	0.207	1.1	31.9	6.5	3.3	10.8	1.1	1.0	6.01	11	0.197
57	62097	0.0	75.3	21.2	2.6	9.6	2.1	2.2	6.01	84.4	0.10	4.3	7.1	0.0	5.6	1.7	0.0	0.0	6.72	114	0.208	2.5	24.9	4.6	4.8	11.9	0.8	0.6	6.02	11	0.157
58	62125	4.0	75.0	24.3	2.1	7.8	1.2	1.1	6.06	64.4	0.09	11.8	4.5	0.0	6.3	1.5	0.0	0.0	6.58	98	0.174	1.3	51.6	12.9	6.3	19.0	1.1	1.1	5.87	18	0.153
59	62281	3.4	79.1	17.0	2.0	10.3	1.5	1.5	6.02	59.4	0.10	6.4	3.1	0.0	7.1	1.2	0.0	0.0	5.77	81	0.207	23.3	65.6	10.2	1.2	16.2	1.3	1.1	6.00	16	0.142
60	62004	0.0	86.3	26.2	2.3	12.0	1.5	2.4	5.99	78.0	0.12	11.5	1.0	0.0	5.8	1.5	0.0	0.0	6.00	98	0.169	0.0	82.0	18.9	7.0	25.5	1.9	3.2	5.95	27	0.152
